        -8          1         -3         -3          9         -4          5         -3         -6          7 
         0          7          4          9         -5         -5          1         10          4         -7 
        -6         -9         -6          6          6          5         -9          2          9          1 
       -10         -8         -5         -3          9          9         -2          7          2        -10 
         6         10         -4         -5          2         -5          5          4          8          4 
         4        -10         -9         -5         -1          1         10         10          3          2 
         2         -2          0         10         -8         -3          7          5         -1         -7 
         6         -5         -9        -10         -4         -9          0         -3          7          4 
        -4         -2         -5         -4         -6         10         -5          4          9         -6 
         6          2          0          8          2         -1          4          9          0          2 
