       -10        -23          7        -26         27        -27         19        -18        -21          9 
        -7         26        -21         -9         18        -12         14         10        -10        -16 
       -11         -4         23          1         11         -7        -16        -14         16         -5 
       -11        -17          1        -12        -14        -25         17        -11         11         31 
        -1          8        -11        -30        -28          8         -7         31         20        -10 
       -27         18         -8         12         32        -16          3        -13          6         30 
       -24         23         15         -4        -14         22        -22          3        -30         16 
        20         -5          7         31          4        -14          9        -18         12         17 
        23        -27          6          0        -13         -7         21          6        -28        -20 
        19         26         19        -13         -5        -22        -11        -22         31         19 
       -17         -5         32         24         24         26        -32         -4        -22        -13 
        24          3        -15        -30        -30        -30         32          2         -8          9 
       -17         20         19         -7        -27         25        -10         22         12        -18 
       -14        -20          9        -10         14        -12        -24         -2         31        -14 
       -32        -25         27         -4        -21         -4        -22         24         22         -4 
        21          7         -5        -19        -17         20        -31         27         20          2 
       -28         26         24        -17         -9         22          0          0        -21         -6 
         2          9          9         24          6          7         -6        -11         -4        -19 
        13         -1        -30         30        -16          8         16         13        -11          3 
        12        -16         -1          8         -9         16        -18         -4         14        -13 
        22        -32         11         21        -18        -10         15        -14         21         -2 
       -17          3         -4         20          6        -26        -29         32          8          6 
        14         26          4        -17         26        -12         13         -3         -9         19 
        -4        -19          8          0         -8         15         19         25        -20          7 
       -31        -11        -31         21          0        -11         23        -17         15        -20 
        31         20         -8         15         -1         -6          1        -21         26         21 
       -29        -22         11          0          2         18         -9        -24        -18         18 
       -16         21         28        -32         14         -7         -9        -28         -3          9 
       -17          0        -29        -30          4         -9         30          9         24         13 
        11          1         25          1         -3        -25         19         -6         23         -6 
         3        -15        -21        -18        -30          8        -31         -2         19         -1 
         4         32         -4          4         22        -15        -24         -6         28        -10 
        12         22        -15         24          0          9          8         -4         22         31 
        22         24        -11         32          9        -11         15        -13        -32         -7 
       -22        -16         29        -14          7        -13        -18         21         -1         13 
        -8         32          2         30         -6          3          6         18        -18         26 
        28         29         10        -17        -17         14        -22         22         30         23 
        -6         -3         -4        -20          1         17        -11         25        -22        -12 
         4         18        -21          0         25          2        -28        -10        -18        -30 
        10        -21        -20         14         18         19          0        -31         -7        -27 
        21         28          0         -1        -29        -11         20         -9        -28        -21 
         0          8         19         32         17         23         16        -29          8        -16 
         8         -3          2         -6        -19         29        -28         10         32         14 
        -2         31        -29         27         -1         29        -30         -9         25        -21 
        23         -6         12         -8         -5         20         23         22        -29         28 
        25         -3          0         26        -26         31        -25          7        -17         19 
        16          8        -20          3        -29        -19          0         30         -7        -16 
       -13         11        -21         -7        -14        -31         24         23         24         -2 
        -1         29        -23         28        -14         15         16         -4        -23         31 
         7        -23          0         31        -11         24         27         -3        -20          8 
        28         30         -9          3         -1         22          3         28        -24        -12 
         5         25         26         18         10          3         -7         32          2          8 
        24        -29         -7         -2         -9        -31          0         20         21         31 
        15         -3         14          3         -8          1        -21        -10        -21         -1 
        -2         17          4         29         -3        -19          3        -29        -16          3 
       -21        -14         11         11        -30        -22         -1         -4          4         32 
        13        -23         13         25          0          2         -4         22        -28        -10 
        16        -32        -25          7          4        -29        -10          3         -1         15 
       -19         21        -30         25         31          0        -27        -21        -12         31 
       -14          4        -24        -27        -19        -17         15        -15         31         12 
       -11         23        -11        -10        -15         24         30         30         18        -32 
        32         -9         -4        -15         -6          9         17         13        -22         -3 
       -13         18         10         -9          2        -15         15         -7        -29         18 
       -29        -17        -17        -31         30        -28         29          7        -30          2 
       -29         13         28        -11          4          4        -32         26         21         16 
         2         14          2         17         -2          9          8        -12         10        -23 
       -27          9        -22          5         26         15          0         14        -14          3 
       -27         17        -32         12        -27        -24        -15         11          4         31 
       -11         23         17         26          4        -15         -1        -10         23         21 
       -27        -12         -7        -18         26         -9         29         17          0         13 
         9         -4         26          4         14          3         23          3         17         -8 
        11         19        -28         -6         17         -4         -9        -20         25         28 
        20          6          1        -24        -16        -31         -9        -10         -3        -29 
         9          1        -13         27         10         23         -1          7         19         -2 
       -16         17         20          1         30        -29        -12         19         11          0 
        -6         18         22        -16         27         26         -5         -6        -29          7 
        16         17        -11         -8         14          1        -23         -3         25         -2 
         9         13        -32         -8         12         18         -9        -32          6         10 
        15         -4         12         31        -29         32         -8         22          5         -5 
        10         11        -31         26         17         -9         -9          2         16        -23 
        -5         14         30         15          6         29          1         11         18          9 
       -17         25        -12        -31        -28         22          4         -4         -4         17 
        19         26        -13        -13        -13         -5        -18         26          3        -23 
         1         20        -26          5        -20        -28         17        -28         13         24 
        22          7         19         23          7        -18        -21         23         25        -18 
        22        -11         25         11         26        -21        -18         -2          6          4 
       -16        -30         28         -2         -7         15          0          0          6          4 
        17         31        -21        -25        -15         -9        -12        -22         -8        -20 
        13         -8        -27        -13          6         -7         13        -15         22         27 
        -2          2         -6          7         26          1          9        -23        -31        -14 
        25        -13        -26        -18          4         17        -20        -10        -22          4 
       -13         17         22        -19        -26         19         14         26         30        -21 
        -2         15        -12        -22         26          4          3         21        -15         -9 
        22        -22        -20        -22          0         -2         12          1         23        -32 
        26         19        -15         19          2          0        -24        -27         32          5 
       -32         29         -4         29        -19        -11         30         26         30        -31 
        19        -15        -15         20        -30         -1        -11          4        -20        -20 
        29        -17        -12        -27          4         30         21         20         11        -29 
        31         -5        -25         31        -23         19         -4         17         22          6 
        31         20         11          3        -28         32          6        -19        -18         15 
